144
NULL 0 NULL 0
Joined 0 0,255,0,255,0,0,0,0,0,0 NULL 0 0 0 	# Joined [4a 6f 69 6e 65 64 ]
|Broken|0|1 0 0,255,0,255,0,0,0,0,0,0 NULL 0 0 0 	# Broken
C 5 0,255,0,255,0,0,0,0,0,0 Latin 88 0 3 C	# C [43 ]A
O 5 0,255,0,255,0,0,0,0,0,0 Latin 80 0 4 O	# O [4f ]A
V 5 0,255,0,255,0,0,0,0,0,0 Latin 86 0 5 V	# V [56 ]A
K 5 0,255,0,255,0,0,0,0,0,0 Latin 92 0 6 K	# K [4b ]A
^ 0 0,255,0,255,0,0,0,0,0,0 Common 7 10 7 ^	# ^ [5e ]
M 5 0,255,0,255,0,0,0,0,0,0 Latin 82 0 8 M	# M [4d ]A
T 5 0,255,0,255,0,0,0,0,0,0 Latin 72 0 9 T	# T [54 ]A
F 5 0,255,0,255,0,0,0,0,0,0 Latin 91 0 10 F	# F [46 ]A
. 16 0,255,0,255,0,0,0,0,0,0 Common 11 6 11 .	# . [2e ]p
U 5 0,255,0,255,0,0,0,0,0,0 Latin 83 0 12 U	# U [55 ]A
R 5 0,255,0,255,0,0,0,0,0,0 Latin 76 0 13 R	# R [52 ]A
A 5 0,255,0,255,0,0,0,0,0,0 Latin 79 0 14 A	# A [41 ]A
B 5 0,255,0,255,0,0,0,0,0,0 Latin 85 0 15 B	# B [42 ]A
I 5 0,255,0,255,0,0,0,0,0,0 Latin 70 0 16 I	# I [49 ]A
S 5 0,255,0,255,0,0,0,0,0,0 Latin 78 0 17 S	# S [53 ]A
* 16 0,255,0,255,0,0,0,0,0,0 Common 18 10 18 *	# * [2a ]p
E 5 0,255,0,255,0,0,0,0,0,0 Latin 77 0 19 E	# E [45 ]A
L 5 0,255,0,255,0,0,0,0,0,0 Latin 84 0 20 L	# L [4c ]A
0 8 0,255,0,255,0,0,0,0,0,0 Common 21 2 21 0	# 0 [30 ]0
P 5 0,255,0,255,0,0,0,0,0,0 Latin 75 0 22 P	# P [50 ]A
; 16 0,255,0,255,0,0,0,0,0,0 Common 23 10 23 ;	# ; [3b ]p
( 16 0,255,0,255,0,0,0,0,0,0 Common 24 10 30 (	# ( [28 ]p
W 5 0,255,0,255,0,0,0,0,0,0 Latin 73 0 25 W	# W [57 ]A
H 5 0,255,0,255,0,0,0,0,0,0 Latin 89 0 26 H	# H [48 ]A
: 16 0,255,0,255,0,0,0,0,0,0 Common 27 6 27 :	# : [3a ]p
J 5 0,255,0,255,0,0,0,0,0,0 Latin 90 0 28 J	# J [4a ]A
N 5 0,255,0,255,0,0,0,0,0,0 Latin 71 0 29 N	# N [4e ]A
) 16 0,255,0,255,0,0,0,0,0,0 Common 30 10 24 )	# ) [29 ]p
G 5 0,255,0,255,0,0,0,0,0,0 Latin 69 0 31 G	# G [47 ]A
Z 5 0,255,0,255,0,0,0,0,0,0 Latin 87 0 32 Z	# Z [5a ]A
- 16 0,255,0,255,0,0,0,0,0,0 Common 33 3 33 -	# - [2d ]p
Q 5 0,255,0,255,0,0,0,0,0,0 Latin 95 0 34 Q	# Q [51 ]A
D 5 0,255,0,255,0,0,0,0,0,0 Latin 81 0 35 D	# D [44 ]A
Y 5 0,255,0,255,0,0,0,0,0,0 Latin 93 0 36 Y	# Y [59 ]A
£ 0 0,255,0,255,0,0,0,0,0,0 Common 37 4 37 £	# £ [a3 ]
/ 16 0,255,0,255,0,0,0,0,0,0 Common 38 6 38 /	# / [2f ]p
| 0 0,255,0,255,0,0,0,0,0,0 Common 39 10 39 |	# | [7c ]
X 5 0,255,0,255,0,0,0,0,0,0 Latin 74 0 40 X	# X [58 ]A
€ 0 0,255,0,255,0,0,0,0,0,0 Common 41 4 41 €	# € [20ac ]
, 16 0,255,0,255,0,0,0,0,0,0 Common 42 6 42 ,	# , [2c ]p
" 16 0,255,0,255,0,0,0,0,0,0 Common 43 10 43 "	# " [22 ]p
? 16 0,255,0,255,0,0,0,0,0,0 Common 44 10 44 ?	# ? [3f ]p
& 16 0,255,0,255,0,0,0,0,0,0 Common 45 10 45 &	# & [26 ]p
' 16 0,255,0,255,0,0,0,0,0,0 Common 46 10 46 '	# ' [27 ]p
] 16 0,255,0,255,0,0,0,0,0,0 Common 47 10 60 ]	# ] [5d ]p
« 16 0,255,0,255,0,0,0,0,0,0 Common 48 10 58 «	# « [ab ]p
Í 5 0,255,0,255,0,0,0,0,0,0 Latin 96 0 49 Í	# Í [cd ]A
$ 0 0,255,0,255,0,0,0,0,0,0 Common 50 4 50 $	# $ [24 ]
3 8 0,255,0,255,0,0,0,0,0,0 Common 51 2 51 3	# 3 [33 ]0
5 8 0,255,0,255,0,0,0,0,0,0 Common 53 2 53 5	# 5 [35 ]0
2 8 0,255,0,255,0,0,0,0,0,0 Common 54 2 54 2	# 2 [32 ]0
4 8 0,255,0,255,0,0,0,0,0,0 Common 55 2 55 4	# 4 [34 ]0
9 8 0,255,0,255,0,0,0,0,0,0 Common 56 2 56 9	# 9 [39 ]0
1 8 0,255,0,255,0,0,0,0,0,0 Common 57 2 57 1	# 1 [31 ]0
» 16 0,255,0,255,0,0,0,0,0,0 Common 58 10 48 »	# » [bb ]p
8 8 0,255,0,255,0,0,0,0,0,0 Common 59 2 59 8	# 8 [38 ]0
[ 16 0,255,0,255,0,0,0,0,0,0 Common 60 10 47 [	# [ [5b ]p
7 8 0,255,0,255,0,0,0,0,0,0 Common 61 2 61 7	# 7 [37 ]0
6 8 0,255,0,255,0,0,0,0,0,0 Common 62 2 62 6	# 6 [36 ]0
À 5 0,255,0,255,0,0,0,0,0,0 Latin 99 0 63 À	# À [c0 ]A
! 16 0,255,0,255,0,0,0,0,0,0 Common 65 10 65 !	# ! [21 ]p
Á 5 0,255,0,255,0,0,0,0,0,0 Latin 98 0 66 Á	# Á [c1 ]A
— 16 0,255,0,255,0,0,0,0,0,0 Common 67 10 67 -	# — [2014 ]p
g 3 0,255,0,255,0,0,0,0,0,0 Latin 31 0 69 g	# g [67 ]a
i 3 0,255,0,255,0,0,0,0,0,0 Latin 16 0 70 i	# i [69 ]a
n 3 0,255,0,255,0,0,0,0,0,0 Latin 29 0 71 n	# n [6e ]a
t 3 0,255,0,255,0,0,0,0,0,0 Latin 9 0 72 t	# t [74 ]a
w 3 0,255,0,255,0,0,0,0,0,0 Latin 25 0 73 w	# w [77 ]a
x 3 0,255,0,255,0,0,0,0,0,0 Latin 40 0 74 x	# x [78 ]a
p 3 0,255,0,255,0,0,0,0,0,0 Latin 22 0 75 p	# p [70 ]a
r 3 0,255,0,255,0,0,0,0,0,0 Latin 13 0 76 r	# r [72 ]a
e 3 0,255,0,255,0,0,0,0,0,0 Latin 19 0 77 e	# e [65 ]a
s 3 0,255,0,255,0,0,0,0,0,0 Latin 17 0 78 s	# s [73 ]a
a 3 0,255,0,255,0,0,0,0,0,0 Latin 14 0 79 a	# a [61 ]a
o 3 0,255,0,255,0,0,0,0,0,0 Latin 4 0 80 o	# o [6f ]a
d 3 0,255,0,255,0,0,0,0,0,0 Latin 35 0 81 d	# d [64 ]a
m 3 0,255,0,255,0,0,0,0,0,0 Latin 8 0 82 m	# m [6d ]a
u 3 0,255,0,255,0,0,0,0,0,0 Latin 12 0 83 u	# u [75 ]a
l 3 0,255,0,255,0,0,0,0,0,0 Latin 20 0 84 l	# l [6c ]a
b 3 0,255,0,255,0,0,0,0,0,0 Latin 15 0 85 b	# b [62 ]a
v 3 0,255,0,255,0,0,0,0,0,0 Latin 5 0 86 v	# v [76 ]a
z 3 0,255,0,255,0,0,0,0,0,0 Latin 32 0 87 z	# z [7a ]a
c 3 0,255,0,255,0,0,0,0,0,0 Latin 3 0 88 c	# c [63 ]a
h 3 0,255,0,255,0,0,0,0,0,0 Latin 26 0 89 h	# h [68 ]a
j 3 0,255,0,255,0,0,0,0,0,0 Latin 28 0 90 j	# j [6a ]a
f 3 0,255,0,255,0,0,0,0,0,0 Latin 10 0 91 f	# f [66 ]a
k 3 0,255,0,255,0,0,0,0,0,0 Latin 6 0 92 k	# k [6b ]a
y 3 0,255,0,255,0,0,0,0,0,0 Latin 36 0 93 y	# y [79 ]a
q 3 0,255,0,255,0,0,0,0,0,0 Latin 34 0 95 q	# q [71 ]a
Ɗ 5 0,255,0,255,0,0,0,0,0,0 Latin 102 0 101 Ɗ	# Ɗ [18a ]A
ɗ 3 0,255,0,255,0,0,0,0,0,0 Latin 101 0 102 ɗ	# ɗ [257 ]a
ɔ 3 0,255,0,255,0,0,0,0,0,0 Latin 171 0 103 ɔ	# ɔ [254 ]a
ẅ 3 0,255,0,255,0,0,0,0,0,0 Latin 123 0 104 ẅ	# ẅ [1e85 ]a
᷄ 0 0,255,0,255,0,0,0,0,0,0 Inherited 105 17 105 ᷄	# ᷄ [1dc4 ]
œ 3 0,255,0,255,0,0,0,0,0,0 Latin 153 0 106 œ	# œ [153 ]a
ʼ 1 0,255,0,255,0,0,0,0,0,0 Common 107 0 107 ʼ	# ʼ [2bc ]x
ɛ 3 0,255,0,255,0,0,0,0,0,0 Latin 172 0 108 ɛ	# ɛ [25b ]a
ɓ 3 0,255,0,255,0,0,0,0,0,0 Latin 157 0 109 ɓ	# ɓ [253 ]a
᷆ 0 0,255,0,255,0,0,0,0,0,0 Inherited 110 17 110 ᷆	# ᷆ [1dc6 ]
“ 22 0,255,0,255,0,0,0,0,0,0 Common 111 10 111 "	# “ [201c ]p
ŋ 3 0,255,0,255,0,0,0,0,0,0 Latin 128 0 112 ŋ	# ŋ [14b ]a
ʉ 3 0,255,0,255,0,0,0,0,0,0 Latin 151 0 113 ʉ	# ʉ [289 ]a
̀ 0 0,255,0,255,0,0,0,0,0,0 Inherited 114 17 114 ̀	# ̀ [300 ]
̄ 0 0,255,0,255,0,0,0,0,0,0 Inherited 115 17 115 ̄	# ̄ [304 ]
Ī 5 0,255,0,255,0,0,0,0,0,0 Latin 139 0 116 Ī	# Ī [12a ]A
ı 3 0,255,0,255,0,0,0,0,0,0 Latin 16 0 117 ı	# ı [131 ]a
̣ 0 0,255,0,255,0,0,0,0,0,0 Inherited 118 17 118 ̣	# ̣ [323 ]
ꞌ 3 0,255,0,255,0,0,0,0,0,0 Latin 136 0 119 ꞌ	# ꞌ [a78c ]a
ə 3 0,255,0,255,0,0,0,0,0,0 Latin 168 0 120 ə	# ə [259 ]a
æ 3 0,255,0,255,0,0,0,0,0,0 Latin 198 0 121 æ	# æ [e6 ]a
Ẅ 5 0,255,0,255,0,0,0,0,0,0 Latin 104 0 123 Ẅ	# Ẅ [1e84 ]A
ø 3 0,255,0,255,0,0,0,0,0,0 Latin 149 0 125 ø	# ø [f8 ]a
ɑ 3 0,255,0,255,0,0,0,0,0,0 Latin 181 0 126 ɑ	# ɑ [251 ]a
᷇ 0 0,255,0,255,0,0,0,0,0,0 Inherited 127 17 127 ᷇	# ᷇ [1dc7 ]
Ŋ 5 0,255,0,255,0,0,0,0,0,0 Latin 112 0 128 Ŋ	# Ŋ [14a ]A
́ 0 0,255,0,255,0,0,0,0,0,0 Inherited 129 17 129 ́	# ́ [301 ]
̌ 0 0,255,0,255,0,0,0,0,0,0 Inherited 130 17 130 ̌	# ̌ [30c ]
̂ 0 0,255,0,255,0,0,0,0,0,0 Inherited 131 17 131 ̂	# ̂ [302 ]
̃ 0 0,255,0,255,0,0,0,0,0,0 Inherited 134 17 134 ̃	# ̃ [303 ]
Ꞌ 5 0,255,0,255,0,0,0,0,0,0 Latin 119 0 136 Ꞌ	# Ꞌ [a78b ]A
̈ 0 0,255,0,255,0,0,0,0,0,0 Inherited 137 17 137 ̈	# ̈ [308 ]
ɨ 3 0,255,0,255,0,0,0,0,0,0 Latin 147 0 138 ɨ	# ɨ [268 ]a
̧ 0 0,255,0,255,0,0,0,0,0,0 Inherited 140 17 140 ̧	# ̧ [327 ]
̍ 0 0,255,0,255,0,0,0,0,0,0 Inherited 142 17 142 ̍	# ̍ [30d ]
~ 0 0,255,0,255,0,0,0,0,0,0 Common 144 10 144 ~	# ~ [7e ]
᷅ 0 0,255,0,255,0,0,0,0,0,0 Inherited 145 17 145 ᷅	# ᷅ [1dc5 ]
̰ 0 0,255,0,255,0,0,0,0,0,0 Inherited 146 17 146 ̰	# ̰ [330 ]
Ɨ 5 0,255,0,255,0,0,0,0,0,0 Latin 138 0 147 Ɨ	# Ɨ [197 ]A
Ø 5 0,255,0,255,0,0,0,0,0,0 Latin 125 0 149 Ø	# Ø [d8 ]A
› 22 0,255,0,255,0,0,0,0,0,0 Common 150 10 173 ›	# › [203a ]p
Ʉ 5 0,255,0,255,0,0,0,0,0,0 Latin 113 0 151 Ʉ	# Ʉ [244 ]A
¡ 22 0,255,0,255,0,0,0,0,0,0 Common 152 10 152 ¡	# ¡ [a1 ]p
Œ 5 0,255,0,255,0,0,0,0,0,0 Latin 106 0 153 Œ	# Œ [152 ]A
” 22 0,255,0,255,0,0,0,0,0,0 Common 155 10 155 "	# ” [201d ]p
Ɓ 5 0,255,0,255,0,0,0,0,0,0 Latin 109 0 157 Ɓ	# Ɓ [181 ]A
Ə 5 0,255,0,255,0,0,0,0,0,0 Latin 120 0 168 Ə	# Ə [18f ]A
Ɔ 5 0,255,0,255,0,0,0,0,0,0 Latin 103 0 171 Ɔ	# Ɔ [186 ]A
Ɛ 5 0,255,0,255,0,0,0,0,0,0 Latin 108 0 172 Ɛ	# Ɛ [190 ]A
‹ 22 0,255,0,255,0,0,0,0,0,0 Common 173 10 150 ‹	# ‹ [2039 ]p
Ɑ 5 0,255,0,255,0,0,0,0,0,0 Latin 126 0 181 Ɑ	# Ɑ [2c6d ]A
Æ 5 0,255,0,255,0,0,0,0,0,0 Latin 121 0 198 Æ	# Æ [c6 ]A
